101      4318773.513     3250831.450     3375556.086       1.0   1.0   1.0
116      4327519.767     3227451.604     3387035.359       1.0   1.0   1.0
133      4343710.262     3232845.540     3360482.400       1.0   1.0   1.0
169      4301608.191     3249835.389     3398474.264       1.0   1.0   1.0
163      4331968.237     3256846.507     3352407.226       1.0   1.0   1.0
167      4318262.329     3278564.509     3349055.642       1.0   1.0   1.0
127      4296002.969     3260868.593     3394618.343       1.0   1.0   1.0
113      4312842.514     3240563.249     3393494.440       1.0   1.0   1.0
150      4295951.179     3277493.987     3378666.769       1.0   1.0   1.0
137      4331810.173     3241020.953     3368135.553       1.0   1.0   1.0
164      4321301.257     3267751.904     3355711.084       1.0   1.0   1.0
140      4344721.496     3237667.429     3354499.466       1.0   1.0   1.0
119      4331836.867     3230543.383     3378325.645       1.0   1.0   1.0
153      4315407.707     3263703.765     3367143.218       1.0   1.0   1.0
168      4304613.437     3256025.272     3388494.184       1.0   1.0   1.0  
135      4338478.219     3229716.937     3370316.942       1.0   1.0   1.0
148      4304468.360     3268109.211     3376837.451       1.0   1.0   1.0
128      4299182.768     3264324.291     3387262.204       1.0   1.0   1.0
102      4324553.455     3245707.772     3373078.595       1.0   1.0   1.0
152      4320386.649     3253025.396     3371291.914       1.0   1.0   1.0
158      4307941.190     3267516.260     3372993.658       1.0   1.0   1.0
162      4325947.234     3256352.340     3360723.619       1.0   1.0   1.0
165      4325210.253     3267537.905     3350870.170       1.0   1.0   1.0
141      4337719.276     3246133.985     3355350.421       1.0   1.0   1.0
136      4339922.139     3233992.226     3364287.356       1.0   1.0   1.0
110      4323771.214     3238572.537     3381150.459       1.0   1.0   1.0
111      4316703.038     3239106.844     3389906.357       1.0   1.0   1.0
112      4309259.145     3244071.971     3394573.388       1.0   1.0   1.0
149      4302191.702     3273865.941     3374162.050       1.0   1.0   1.0
142      4333519.528     3242078.771     3364874.869       1.0   1.0   1.0
151      4318544.163     3257045.623     3369715.735       1.0   1.0   1.0
125      4304957.612     3261100.391     3383120.490       1.0   1.0   1.0
146      4308466.103     3261028.124     3378675.956       1.0   1.0   1.0
123      4330358.885     3226774.719     3383949.644       1.0   1.0   1.0
129      4296229.636     3271479.225     3384137.373       1.0   1.0   1.0
145      4291067.634     3276255.730     3386138.963       1.0   1.0   1.0
156      4308421.679     3276389.727     3363786.417       1.0   1.0   1.0
114      4319782.561     3237466.606     3387480.982       1.0   1.0   1.0