1  101        3359.969     2989.906
1  116        1222.938     2209.312
1  133        1476.688     5353.938
1  169        3504.375      147.625  
1  163        3699.062     5698.062
1  167        5698.188     5514.562
1  127        4510.031      305.906
1  113        2561.938     1046.812
1  150        5892.312     1839.062  
1  137        2345.812     4180.062
1  164        4757.562     4987.938
1  140        1882.688     5966.688
1  119        1433.938     3204.062
1  153        4494.688     3669.938  
1  168        3989.188     1217.062  
1  135        1272.156     4214.031
1  148        5004.062     2330.188
1  128        4757.062     1131.938  
1  102        2846.125     3440.875
1  152        3526.812     3457.938  
1  158        4909.375     2830.125
1  162        3734.938     4677.188
1  165        4691.375     5595.125 
1  141        2707.938     5627.062
1  136        1625.938     4848.688
1  110        2240.812     2636.938 
1  111        2384.625     1535.625
1  112        2911.938      810.812
1  149        5510.438     2503.812  
1  142        2414.562     4557.812
1  151        3892.625     3540.875
1  125        4411.812     1745.812
1  146        4359.562     2304.062
1  123        1125.375     2609.375
1  129        5391.562     1323.062  
1  145        5853.844      939.969  
1  156        5640.938     3733.938  
1  114        2200.312     1882.938