102       2087.188     3517.812
110       1485.688     2656.062
111       1689.188     1571.812
112       2292.156      902.094
113       1902.094     1102.968
114       1478.062     1899.812
116        453.812     2129.312
119        623.938     3140.062
123        335.375     2516.875
125       3896.125     1988.875
127       4096.062      563.812
128       4323.188     1412.938
129       5026.938     1668.062
133        558.562     5290.812
135        411.031     4132.968
136        740.688     4800.938
137       1520.062     4205.062
140        943.062     5942.938
141       1828.312     5685.312
142       1573.375     4587.625
145       5576.938     1336.812
146       3807.062     2538.938
148       4530.062     2631.938
149       5094.438     2858.188
150       5570.938     2235.938
151       3215.688     3722.062
152       2819.625     3602.625
153       3878.375     3912.375
156       5168.062     4094.812
158       4392.875     3119.375
162       2983.125     4840.625
163       2888.062     5856.812
164       4089.938     5254.188
165       3979.625     5855.625
167       5124.188     5877.938
168       3458.188     1418.938
169       2982.875      301.875
