2   101       2663.688     3119.812
2   116        453.812     2129.312
2   133        558.562     5290.812
2   169       2982.875      301.875
2   163       2888.062     5856.812
2   167       5124.188     5877.938
2   127       4096.062      563.812
2   113       1902.094     1102.968
2   150       5570.938     2235.938
2   137       1520.062     4205.062
2   164       4089.938     5254.188
2   140        943.062     5942.938
2   119        623.938     3140.062
2   153       3878.375     3912.375
2   168       3458.188     1418.938
2   135        411.031     4132.968
2   148       4530.062     2631.938
2   128       4323.188     1412.938
2   102       2087.188     3517.812
2   152       2819.625     3602.625
2   158       4392.875     3119.375
2   162       2983.125     4840.625
2   165       3979.625     5855.625
2   141       1828.312     5685.312
2   136        740.688     4800.938
2   110       1485.688     2656.062
2   111       1689.188     1571.812
2   112       2292.156      902.094 
2   149       5094.438     2858.188
2   142       1573.375     4587.625
2   151       3215.688     3722.062
2   125       3896.125     1988.875
2   146       3807.062     2538.938
2   123        335.375     2516.875
2   129       5026.938     1668.062
2   145       5576.938     1336.812 
2   156       5168.062     4094.812
2   114       1478.062     1899.812
