       1      289.437500000     5121.437500000   619325.000000000  3572600.000000000     1558.800000000 
       3      339.343750000     2874.031250000   624025.000000000  3594537.500000000     1499.000000000 
       5      821.031250000       36.031250000   635675.000000000  3621575.000000000     1818.000000000 
       6      788.687500000      147.062500000   635037.500000000  3620550.000000000     1785.000000000 
       7     5206.695312500      989.070312500   690200.000000000  3605575.000000000     1981.700000000 
      10     1798.593750000     3239.593750000   642550.000000000  3588675.000000000     1485.000000000 
      12     2148.562500000     3143.562500000   647287.000000000  3589075.000000000     1481.000000000 
      15      894.734375000     3227.203125000   630737.500000000  3590212.500000000     1495.000000000 
      16      319.984375000     2871.328125000   623765.000000000  3594592.500000000     1499.000000000 
      20     4507.375000000      447.125000000   682487.500000000  3611937.000000000     2022.000000000 
      22     2793.968750000     2039.093750000   657675.000000000  3598912.500000000     1607.600000000 
      24      626.531250000      642.406250000   631950.000000000  3615950.000000000     1670.900000000 
      25     1051.937500000      938.562500000   637013.000000000  3612387.500000000     1646.800000000 
      27     2777.781250000      459.593750000   660450.000000000  3614425.000000000     1915.400000000 
      28     2767.718750000      518.218750000   660230.000000000  3613862.500000000     1900.300000000 
      33     4440.296875000     2157.015625000   678412.500000000  3595250.000000000     1698.900000000 
      37      554.484375000     5227.015625000   622650.000000000  3571150.000000000     1550.000000000 
      39      333.906250000     4050.406250000   621837.500000000  3583020.000000000     1529.800000000 
      40     1974.906250000     3540.031250000   644335.000000000  3585450.000000000     1481.220000000 
      31     5549.031250000      664.968750000   695050.000000000  3608250.000000000     2027.800000000 
      19      380.187500000     1645.062500000   626787.500000000  3606512.000000000     1535.000000000 
       2     2749.984375000     3115.015625000   655105.000000000  3588425.000000000     1479.000000000 
      17      754.250000000       13.250000000   634837.500000000  3621912.500000000     1815.000000000 
      38      127.937500000     5089.562500000   617225.000000000  3573160.000000000     1571.000000000 
      34     5379.937500000     3531.312500000   687565.000000000  3580355.000000000     1544.800000000 
      18     1345.250000000     3522.750000000   636125.000000000  3586600.000000000     1490.000000000 
      26     3633.187500000     1950.062500000   668612.500000000  3598500.000000000     1688.400000000 
      29     2897.781250000      514.468750000   661895.000000000  3613700.000000000     1931.600000000 
      23     1676.968750000     1321.281250000   644525.000000000  3607670.000000000     1639.500000000 
      30     4252.937500000      439.312500000   679337.500000000  3612387.500000000     2073.700000000 
       4      309.445312500     2849.320312500   623675.000000000  3594825.000000000     1499.000000000 
      36      820.312500000     5205.937500000   626212.500000000  3570925.000000000     1544.000000000 
      35     1526.343750000     5422.406250000   635125.000000000  3567700.000000000     1566.000000000 
      21     4856.015625000     2203.984375000   683525.000000000  3594175.000000000     1705.000000000 
      13     1803.187500000     2842.437500000   643350.000000000  3592555.000000000     1483.500000000 
      14      865.343750000     3190.406250000   630425.000000000  3590612.000000000     1495.000000000 
      11     2079.156250000     3176.281250000   646330.000000000  3588856.300000000     1482.000000000 
       8     4494.937500000     4118.187500000   675450.000000000  3575920.000000000     1450.000000000 